[  4.95712018   7.84673469   8.49575964   9.46712018  10.44131519
  11.09045351  11.47390023  12.06197279  13.03603175  13.68462585
  14.65773243  15.63068027  15.98387755  18.2252381   18.8737415
  20.81981859  21.46814059  22.44020408  23.41414966  24.06294785
  25.03614512  26.33287982  26.66839002  32.81886621  33.85165533
  34.51346939  34.76734694  35.41260771  37.10780045  38.0069161
  39.70195011  40.60231293  42.5507483   43.19730159  45.79192744
  46.80206349  47.4606576   48.38566893  50.05514739  50.98088435
  51.95444444  53.57424036  54.6085034   55.52360544  56.16931973
  57.14414966  58.76489796  59.81011338  60.44621315  60.72213152
  61.35897959  63.95340136  65.25095238  66.54848073  67.52185941
  68.17049887  70.11575964  70.44020408  71.41346939  72.71045351
  74.07072562  74.69095238  81.3961678   82.07578231  85.6853288
  86.00972789  88.60326531  90.87439909  91.19839002  93.5085034
  93.79213152  95.75732426  97.68387755 100.27818594 101.25133787
 101.66807256 102.54630385 103.19623583 103.84557823 104.17113379
 105.46566893 106.43836735 108.0607483  109.03442177 109.35802721
 110.65623583 111.62809524 111.95587302 112.92564626 113.57421769
 114.22088435 115.21612245 115.84399093 116.81870748 119.08746032
 120.1000907  121.0339229  121.68369615 122.33111111 122.98015873
 123.62707483 125.57433107 126.87156463 127.51897959 128.16956916
 128.81836735 130.76417234 131.4123356  132.06204082 132.70911565
 133.35814059 134.00734694 135.9538322  141.79045351 142.76321995
 143.41213152 143.73793651 144.38496599 145.35755102 146.00684807
 147.95337868 148.60111111 148.92698413 149.57367347 150.54716553
 150.89979592 152.16829932 153.14104308 153.78997732 154.12544218
 154.76147392 155.73582766 156.38453515 157.35634921 158.00569161
 163.88918367]
