[  8.92902417   9.43452417   9.93839917  10.46789917  10.94637833
  11.95477417  12.9642325   13.4678575   13.97152417  14.50137833
  14.980045    15.9882325   16.262045    16.98781583  17.50142
  18.00550333  21.53502417  22.02969083  25.56844083  26.07256583
  29.60217     30.121795    33.63571167  34.1303575   35.13875333
  37.16492     37.66921167  38.1638575   41.1891075   41.70302417
  42.20696167  44.22367     45.73619083  46.2402325   48.516795
  49.7697325   50.27389917  50.80333667  51.27308667  53.8341075
  54.30750333  54.8368575   55.31527417  56.06958667  56.32387833
  56.62194083  57.3232325   57.83662833  58.341045    59.34002417
  60.1508575   61.35683667  61.90106583  62.3747325   62.90362833
  63.37342     64.68950333  65.15706583  67.44725333  67.92067
  68.42517     71.95412833  72.4584825   73.45727417  74.22344083
  75.9878575   76.48239917  77.4907325   80.02117     80.52533667
  84.054795    84.55894083  88.0884825   88.58312833  92.12202417
  92.61671167  93.63475333  94.89908667  95.6508575   96.15550333
  96.65971167  99.437545   100.18896167 100.6931075  101.73144083
 103.008045   104.22256583 104.72646167 105.25592    105.72567
 107.75171167 108.25589917 108.76017    109.79856583 112.2896075
 112.79258667 113.80192    114.81042    115.10833667 115.80958667
 116.32325333 116.82750333 120.35671167 120.860795   122.64742
 124.39039917 124.88496167 125.89321167 128.42371167 128.92789917
 131.94352417 132.4573575  132.96146167 136.49102417 136.9948575
 140.52442    141.01925333 142.82219083 143.30164917 144.55800333
 145.06219083 147.84019083 152.12187833 156.65862833 157.16306583
 158.94956583 160.1787325  160.72294083 161.19621167 162.19552417
 163.21294083 164.72575333 165.22977417 168.7593575  169.26314917
 170.26264917 171.2798575  171.55312833 172.2792325  172.7927325
 173.29687833 174.33546167 175.31394083 176.32171167 176.82631583
 177.33046167 180.35437833 180.85858667 181.36269083 181.86706583
 182.3712325  182.87521167 183.3729825  183.8833575  184.38764917
 184.89219083 185.39619083 185.90042    186.40450333 186.90871167
 187.413045   187.91062833 188.42117    188.9254825  189.42956583
 189.93387833 190.43796167 190.94225333 191.45852417 191.94419083
 192.45452417 192.95883667 193.46314917 193.96081583 194.47137833
 194.97550333 195.4797325  195.99614917 196.48794083 196.98587833
 197.49644083 198.00058667 198.50444083 199.00900333 199.51294083
 200.01744083 200.5213575  201.025545   201.52994083 202.02771167
 202.53825333 203.0424825  203.54652417 204.0631075  204.55508667
 205.05927417 205.56344083 206.06775333 206.571795   207.0759825
 207.58008667 208.08414917 208.58852417 209.09258667 209.59706583
 210.10114917 210.60502417 211.10956583 211.6256075  212.1177325
 216.671295   221.22531583 221.69877417 225.22833667 225.73206583
 227.74869083 228.748295   229.26181583 229.76571167 230.76500333
 231.55083667 233.29527417 233.79912833 234.79871167 235.81567
 236.0893575  241.21396167]