[  7.92902417   8.43452417   8.93839917   9.46789917   9.94637833
  10.95477417  11.9642325   12.4678575   12.97152417  13.50137833
  13.980045    14.9882325   15.262045    15.98781583  16.50142
  17.00550333  20.53502417  21.02969083  24.56844083  25.07256583
  28.60217     29.121795    32.63571167  33.1303575   34.13875333
  36.16492     36.66921167  37.1638575   40.1891075   40.70302417
  41.20696167  43.22367     44.73619083  45.2402325   47.516795
  48.7697325   49.27389917  49.80333667  50.27308667  52.8341075
  53.30750333  53.8368575   54.31527417  55.06958667  55.32387833
  55.62194083  56.3232325   56.83662833  57.341045    58.34002417
  59.1508575   60.35683667  60.90106583  61.3747325   61.90362833
  62.37342     63.68950333  64.15706583  66.44725333  66.92067
  67.42517     70.95412833  71.4584825   72.45727417  73.22344083
  74.9878575   75.48239917  76.4907325   79.02117     79.52533667
  83.054795    83.55894083  87.0884825   87.58312833  91.12202417
  91.61671167  92.63475333  93.89908667  94.6508575   95.15550333
  95.65971167  98.437545    99.18896167  99.6931075  100.73144083
 102.008045   103.22256583 103.72646167 104.25592    104.72567
 106.75171167 107.25589917 107.76017    108.79856583 111.2896075
 111.79258667 112.80192    113.81042    114.10833667 114.80958667
 115.32325333 115.82750333 119.35671167 119.860795   121.64742
 123.39039917 123.88496167 124.89321167 127.42371167 127.92789917
 130.94352417 131.4573575  131.96146167 135.49102417 135.9948575
 139.52442    140.01925333 141.82219083 142.30164917 143.55800333
 144.06219083 146.84019083 151.12187833 155.65862833 156.16306583
 157.94956583 159.1787325  159.72294083 160.19621167 161.19552417
 162.21294083 163.72575333 164.22977417 167.7593575  168.26314917
 169.26264917 170.2798575  170.55312833 171.2792325  171.7927325
 172.29687833 173.33546167 174.31394083 175.32171167 175.82631583
 176.33046167 179.35437833 179.85858667 180.36269083 180.86706583
 181.3712325  181.87521167 182.3729825  182.8833575  183.38764917
 183.89219083 184.39619083 184.90042    185.40450333 185.90871167
 186.413045   186.91062833 187.42117    187.9254825  188.42956583
 188.93387833 189.43796167 189.94225333 190.45852417 190.94419083
 191.45452417 191.95883667 192.46314917 192.96081583 193.47137833
 193.97550333 194.4797325  194.99614917 195.48794083 195.98587833
 196.49644083 197.00058667 197.50444083 198.00900333 198.51294083
 199.01744083 199.5213575  200.025545   200.52994083 201.02771167
 201.53825333 202.0424825  202.54652417 203.0631075  203.55508667
 204.05927417 204.56344083 205.06775333 205.571795   206.0759825
 206.58008667 207.08414917 207.58852417 208.09258667 208.59706583
 209.10114917 209.60502417 210.10956583 210.6256075  211.1177325
 215.671295   220.22531583 220.69877417 224.22833667 224.73206583
 226.74869083 227.748295   228.26181583 228.76571167 229.76500333
 230.55083667 232.29527417 232.79912833 233.79871167 234.81567
 235.0893575  240.21396167]