[  7.26235417   7.76785417   8.27172917   8.80122917   9.27970833
  10.28810417  11.2975625   11.8011875   12.30485417  12.83470833
  13.313375    14.3215625   14.595375    15.32114583  15.83475
  16.33883333  19.86835417  20.36302083  23.90177083  24.40589583
  27.9355      28.455125    31.96904167  32.4636875   33.47208333
  35.49825     36.00254167  36.4971875   39.5224375   40.03635417
  40.54029167  42.557       44.06952083  44.5735625   46.850125
  48.1030625   48.60722917  49.13666667  49.60641667  52.1674375
  52.64083333  53.1701875   53.64860417  54.40291667  54.65720833
  54.95527083  55.6565625   56.16995833  56.674375    57.67335417
  58.4841875   59.69016667  60.23439583  60.7080625   61.23695833
  61.70675     63.02283333  63.49039583  65.78058333  66.254
  66.7585      70.28745833  70.7918125   71.79060417  72.55677083
  74.3211875   74.81572917  75.8240625   78.3545      78.85866667
  82.388125    82.89227083  86.4218125   86.91645833  90.45535417
  90.95004167  91.96808333  93.23241667  93.9841875   94.48883333
  94.99304167  97.770875    98.52229167  99.0264375  100.06477083
 101.341375   102.55589583 103.05979167 103.58925    104.059
 106.08504167 106.58922917 107.0935     108.13189583 110.6229375
 111.12591667 112.13525    113.14375    113.44166667 114.14291667
 114.65658333 115.16083333 118.69004167 119.194125   120.98075
 122.72372917 123.21829167 124.22654167 126.75704167 127.26122917
 130.27685417 130.7906875  131.29479167 134.82435417 135.3281875
 138.85775    139.35258333 141.15552083 141.63497917 142.89133333
 143.39552083 146.17352083 150.45520833 154.99195833 155.49639583
 157.28289583 158.5120625  159.05627083 159.52954167 160.52885417
 161.54627083 163.05908333 163.56310417 167.0926875  167.59647917
 168.59597917 169.6131875  169.88645833 170.6125625  171.1260625
 171.63020833 172.66879167 173.64727083 174.65504167 175.15964583
 175.66379167 178.68770833 179.19191667 179.69602083 180.20039583
 180.7045625  181.20854167 181.7063125  182.2166875  182.72097917
 183.22552083 183.72952083 184.23375    184.73783333 185.24204167
 185.746375   186.24395833 186.7545     187.2588125  187.76289583
 188.26720833 188.77129167 189.27558333 189.79185417 190.27752083
 190.78785417 191.29216667 191.79647917 192.29414583 192.80470833
 193.30883333 193.8130625  194.32947917 194.82127083 195.31920833
 195.82977083 196.33391667 196.83777083 197.34233333 197.84627083
 198.35077083 198.8546875  199.358875   199.86327083 200.36104167
 200.87158333 201.3758125  201.87985417 202.3964375  202.88841667
 203.39260417 203.89677083 204.40108333 204.905125   205.4093125
 205.91341667 206.41747917 206.92185417 207.42591667 207.93039583
 208.43447917 208.93835417 209.44289583 209.9589375  210.4510625
 215.004625   219.55864583 220.03210417 223.56166667 224.06539583
 226.08202083 227.081625   227.59514583 228.09904167 229.09833333
 229.88416667 231.62860417 232.13245833 233.13204167 234.149
 234.4226875  239.54729167]