[  8.26235417   8.76785417   9.27172917   9.80122917  10.27970833
  11.28810417  12.2975625   12.8011875   13.30485417  13.83470833
  14.313375    15.3215625   15.595375    16.32114583  16.83475
  17.33883333  20.86835417  21.36302083  24.90177083  25.40589583
  28.9355      29.455125    32.96904167  33.4636875   34.47208333
  36.49825     37.00254167  37.4971875   40.5224375   41.03635417
  41.54029167  43.557       45.06952083  45.5735625   47.850125
  49.1030625   49.60722917  50.13666667  50.60641667  53.1674375
  53.64083333  54.1701875   54.64860417  55.40291667  55.65720833
  55.95527083  56.6565625   57.16995833  57.674375    58.67335417
  59.4841875   60.69016667  61.23439583  61.7080625   62.23695833
  62.70675     64.02283333  64.49039583  66.78058333  67.254
  67.7585      71.28745833  71.7918125   72.79060417  73.55677083
  75.3211875   75.81572917  76.8240625   79.3545      79.85866667
  83.388125    83.89227083  87.4218125   87.91645833  91.45535417
  91.95004167  92.96808333  94.23241667  94.9841875   95.48883333
  95.99304167  98.770875    99.52229167 100.0264375  101.06477083
 102.341375   103.55589583 104.05979167 104.58925    105.059
 107.08504167 107.58922917 108.0935     109.13189583 111.6229375
 112.12591667 113.13525    114.14375    114.44166667 115.14291667
 115.65658333 116.16083333 119.69004167 120.194125   121.98075
 123.72372917 124.21829167 125.22654167 127.75704167 128.26122917
 131.27685417 131.7906875  132.29479167 135.82435417 136.3281875
 139.85775    140.35258333 142.15552083 142.63497917 143.89133333
 144.39552083 147.17352083 151.45520833 155.99195833 156.49639583
 158.28289583 159.5120625  160.05627083 160.52954167 161.52885417
 162.54627083 164.05908333 164.56310417 168.0926875  168.59647917
 169.59597917 170.6131875  170.88645833 171.6125625  172.1260625
 172.63020833 173.66879167 174.64727083 175.65504167 176.15964583
 176.66379167 179.68770833 180.19191667 180.69602083 181.20039583
 181.7045625  182.20854167 182.7063125  183.2166875  183.72097917
 184.22552083 184.72952083 185.23375    185.73783333 186.24204167
 186.746375   187.24395833 187.7545     188.2588125  188.76289583
 189.26720833 189.77129167 190.27558333 190.79185417 191.27752083
 191.78785417 192.29216667 192.79647917 193.29414583 193.80470833
 194.30883333 194.8130625  195.32947917 195.82127083 196.31920833
 196.82977083 197.33391667 197.83777083 198.34233333 198.84627083
 199.35077083 199.8546875  200.358875   200.86327083 201.36104167
 201.87158333 202.3758125  202.87985417 203.3964375  203.88841667
 204.39260417 204.89677083 205.40108333 205.905125   206.4093125
 206.91341667 207.41747917 207.92185417 208.42591667 208.93039583
 209.43447917 209.93835417 210.44289583 210.9589375  211.4510625
 216.004625   220.55864583 221.03210417 224.56166667 225.06539583
 227.08202083 228.081625   228.59514583 229.09904167 230.09833333
 230.88416667 232.62860417 233.13245833 234.13204167 235.149
 235.4226875  240.54729167]