[  8.59568417   9.10118417   9.60505917  10.13455917  10.61303833
  11.62143417  12.6308925   13.1345175   13.63818417  14.16803833
  14.646705    15.6548925   15.928705    16.65447583  17.16808
  17.67216333  21.20168417  21.69635083  25.23510083  25.73922583
  29.26883     29.788455    33.30237167  33.7970175   34.80541333
  36.83158     37.33587167  37.8305175   40.8557675   41.36968417
  41.87362167  43.89033     45.40285083  45.9068925   48.183455
  49.4363925   49.94055917  50.46999667  50.93974667  53.5007675
  53.97416333  54.5035175   54.98193417  55.73624667  55.99053833
  56.28860083  56.9898925   57.50328833  58.007705    59.00668417
  59.8175175   61.02349667  61.56772583  62.0413925   62.57028833
  63.04008     64.35616333  64.82372583  67.11391333  67.58733
  68.09183     71.62078833  72.1251425   73.12393417  73.89010083
  75.6545175   76.14905917  77.1573925   79.68783     80.19199667
  83.721455    84.22560083  87.7551425   88.24978833  91.78868417
  92.28337167  93.30141333  94.56574667  95.3175175   95.82216333
  96.32637167  99.104205    99.85562167 100.3597675  101.39810083
 102.674705   103.88922583 104.39312167 104.92258    105.39233
 107.41837167 107.92255917 108.42683    109.46522583 111.9562675
 112.45924667 113.46858    114.47708    114.77499667 115.47624667
 115.98991333 116.49416333 120.02337167 120.527455   122.31408
 124.05705917 124.55162167 125.55987167 128.09037167 128.59455917
 131.61018417 132.1240175  132.62812167 136.15768417 136.6615175
 140.19108    140.68591333 142.48885083 142.96830917 144.22466333
 144.72885083 147.50685083 151.78853833 156.32528833 156.82972583
 158.61622583 159.8453925  160.38960083 160.86287167 161.86218417
 162.87960083 164.39241333 164.89643417 168.4260175  168.92980917
 169.92930917 170.9465175  171.21978833 171.9458925  172.4593925
 172.96353833 174.00212167 174.98060083 175.98837167 176.49297583
 176.99712167 180.02103833 180.52524667 181.02935083 181.53372583
 182.0378925  182.54187167 183.0396425  183.5500175  184.05430917
 184.55885083 185.06285083 185.56708    186.07116333 186.57537167
 187.079705   187.57728833 188.08783    188.5921425  189.09622583
 189.60053833 190.10462167 190.60891333 191.12518417 191.61085083
 192.12118417 192.62549667 193.12980917 193.62747583 194.13803833
 194.64216333 195.1463925  195.66280917 196.15460083 196.65253833
 197.16310083 197.66724667 198.17110083 198.67566333 199.17960083
 199.68410083 200.1880175  200.692205   201.19660083 201.69437167
 202.20491333 202.7091425  203.21318417 203.7297675  204.22174667
 204.72593417 205.23010083 205.73441333 206.238455   206.7426425
 207.24674667 207.75080917 208.25518417 208.75924667 209.26372583
 209.76780917 210.27168417 210.77622583 211.2922675  211.7843925
 216.337955   220.89197583 221.36543417 224.89499667 225.39872583
 227.41535083 228.414955   228.92847583 229.43237167 230.43166333
 231.21749667 232.96193417 233.46578833 234.46537167 235.48233
 235.7560175  240.88062167]