[  8.09568417   8.60118417   9.10505917   9.63455917  10.11303833
  11.12143417  12.1308925   12.6345175   13.13818417  13.66803833
  14.146705    15.1548925   15.428705    16.15447583  16.66808
  17.17216333  20.70168417  21.19635083  24.73510083  25.23922583
  28.76883     29.288455    32.80237167  33.2970175   34.30541333
  36.33158     36.83587167  37.3305175   40.3557675   40.86968417
  41.37362167  43.39033     44.90285083  45.4068925   47.683455
  48.9363925   49.44055917  49.96999667  50.43974667  53.0007675
  53.47416333  54.0035175   54.48193417  55.23624667  55.49053833
  55.78860083  56.4898925   57.00328833  57.507705    58.50668417
  59.3175175   60.52349667  61.06772583  61.5413925   62.07028833
  62.54008     63.85616333  64.32372583  66.61391333  67.08733
  67.59183     71.12078833  71.6251425   72.62393417  73.39010083
  75.1545175   75.64905917  76.6573925   79.18783     79.69199667
  83.221455    83.72560083  87.2551425   87.74978833  91.28868417
  91.78337167  92.80141333  94.06574667  94.8175175   95.32216333
  95.82637167  98.604205    99.35562167  99.8597675  100.89810083
 102.174705   103.38922583 103.89312167 104.42258    104.89233
 106.91837167 107.42255917 107.92683    108.96522583 111.4562675
 111.95924667 112.96858    113.97708    114.27499667 114.97624667
 115.48991333 115.99416333 119.52337167 120.027455   121.81408
 123.55705917 124.05162167 125.05987167 127.59037167 128.09455917
 131.11018417 131.6240175  132.12812167 135.65768417 136.1615175
 139.69108    140.18591333 141.98885083 142.46830917 143.72466333
 144.22885083 147.00685083 151.28853833 155.82528833 156.32972583
 158.11622583 159.3453925  159.88960083 160.36287167 161.36218417
 162.37960083 163.89241333 164.39643417 167.9260175  168.42980917
 169.42930917 170.4465175  170.71978833 171.4458925  171.9593925
 172.46353833 173.50212167 174.48060083 175.48837167 175.99297583
 176.49712167 179.52103833 180.02524667 180.52935083 181.03372583
 181.5378925  182.04187167 182.5396425  183.0500175  183.55430917
 184.05885083 184.56285083 185.06708    185.57116333 186.07537167
 186.579705   187.07728833 187.58783    188.0921425  188.59622583
 189.10053833 189.60462167 190.10891333 190.62518417 191.11085083
 191.62118417 192.12549667 192.62980917 193.12747583 193.63803833
 194.14216333 194.6463925  195.16280917 195.65460083 196.15253833
 196.66310083 197.16724667 197.67110083 198.17566333 198.67960083
 199.18410083 199.6880175  200.192205   200.69660083 201.19437167
 201.70491333 202.2091425  202.71318417 203.2297675  203.72174667
 204.22593417 204.73010083 205.23441333 205.738455   206.2426425
 206.74674667 207.25080917 207.75518417 208.25924667 208.76372583
 209.26780917 209.77168417 210.27622583 210.7922675  211.2843925
 215.837955   220.39197583 220.86543417 224.39499667 224.89872583
 226.91535083 227.914955   228.42847583 228.93237167 229.93166333
 230.71749667 232.46193417 232.96578833 233.96537167 234.98233
 235.2560175  240.38062167]